function gf=gfun(x)
gf=[-0.00311951705*x(1)^4 - 0.0091872508*x(1)^3*x(2) + 0.03120213528*x(1)^3 - 0.001288098639*x(1)^2*x(2)^2 + 0.1400877171*x(1)^2*x(2) + 0.00419857923*x(1)^2 - 0.0094642414*x(1)*x(2)^3 + 0.1053852924*x(1)*x(2)^2 - 0.665461368*x(1)*x(2) - 0.33551194*x(1) - 0.000117877509*x(2)^4 + 0.0461311364*x(2)^3 - 0.467487295*x(2)^2 + 0.946116968*x(2) - 0.241232312; -0.0022968127*x(1)^4 - 0.000858732426*x(1)^3*x(2) + 0.0466959057*x(1)^3 - 0.0141963621*x(1)^2*x(2)^2 + 0.1053852924*x(1)^2*x(2) - 0.332730684*x(1)^2 - 0.000471510036*x(1)*x(2)^3 + 0.1383934092*x(1)*x(2)^2 - 0.93497459*x(1)*x(2) + 0.946116968*x(1) - 0.0232784554*x(2)^4 + 0.3963220344*x(2)^3 - 2.187984405*x(2)^2 + 4.49510974*x(2) - 3.25819792];